MAE:0.1276594094266203
MSE:0.025496392038815166
EVS:0.9983812665333472
