MAE:0.10807364528644517
MSE:0.0225277197375231
EVS:0.9989639160237314
