MAE:0.5080097271617231
MSE:0.29540659455722673
EVS:0.9952973682395917
