MAE:0.10807364528644146
MSE:0.022527719737522007
EVS:0.9989639160237314
