MAE:0.14711727840041036
MSE:0.08207579890079664
EVS:0.9963752834194253
