MAE:0.38330258828898967
MSE:0.18109578058690143
EVS:0.9955093748962276
