MAE:0.14711727840040975
MSE:0.08207579890079657
EVS:0.9963752834194253
